1 5
2 28
0 264
1 3
0 1
1 3
0 1
1 3
0 1
1 5
0 1
1 9
0 1
1 9
0 2
1 40
2 25
0 4
1 4
0 2
1 5
0 1
1 14
0 1
1 12
0 4
1 7
0 1
1 13
0 1
1 28
0 6
1 18
0 3
1 9
0 2
1 13
0 2
1 3
0 3
1 15
2 11
0 17
1 6
0 20
1 6
0 1
1 18
2 4
0 381
1 6
0 2
1 10
0 3
1 21
0 16
1 17
0 5
1 17
0 7
1 5
0 1
1 24
0 3
1 12
0 5
1 3
0 1
1 26
2 14
0 2
1 6
0 1
1 4
0 353
1 4
0 4
1 10
0 2
1 3
0 1
1 25
0 3
1 20
0 1
1 5
0 1005
1 2
0 1
1 4
0 1
1 14
0 1
1 11
0 1
1 25
0 13
1 9
0 2
1 6
0 2
1 12
0 2
1 22
0 5
1 34
0 2
1 18
0 3
1 3
0 1
1 6
0 3
1 13
0 2
1 8
0 2
1 19
2 3
0 4
1 15
0 335
1 14
0 3
1 3
0 1
1 5
0 2
1 5
0 2
1 9
0 4
1 10
0 2
1 3
0 3
1 8
0 1
1 16
2 8
0 22
1 7
0 4
1 13
0 3
1 19
0 2
1 1
0 1
1 12
2 6
0 4
1 27
2 19
0 18
1 5
2 5
0 4
1 12
0 3
1 12
0 310
1 10
0 1
1 7
0 1
1 18
0 3
1 20
2 4
0 1
1 5
0 3
1 5
0 1
1 6
0 1
1 7
0 25
1 25
0 4
1 10
2 5
0 2
1 18
2 10
0 5
1 4
0 7
1 29
0 1
1 20
0 4
1 17
0 1
1 9
2 8
0 3
1 4
2 12
0 11
1 5
0 2
1 10
2 3
0 3
1 5
0 3
1 6
0 1
1 15
2 4
0 1261
1 23
0 2
1 42
0 17
1 4
0 2
1 2
0 2
1 15
0 1
1 42
0 3
1 2
0 1
1 1
0 1
1 2
0 1
1 9
0 2
1 21
2 12
0 11
1 4
0 2
1 5
0 6
1 3
0 1
1 8
0 1
1 41
0 164
1 13
0 1
1 58
0 1
1 35
0 3
1 37
2 25
0 7
1 6
0 3
1 7
0 1
1 8
0 1
1 74
2 9
0 10
1 58
0 11
1 27
2 12
0 3
1 11
0 1
1 21
0 1
1 14
2 33
0 10
1 10
0 1
1 28
0 1
1 56
0 3
1 6
0 7
1 26
0 1
1 24
0 4
1 17
0 1
1 32
2 6
0 5
1 32
2 3
0 3
1 16
2 3
0 275
1 1
0 1
1 3
0 2
1 17
0 1
1 11
0 1
1 21
0 7
1 7
0 2
1 10
0 1
1 6
0 8
1 16
2 13
0 11
1 11
0 5
1 19
0 2
1 16
2 3
0 6
1 23
0 3
1 15
2 53
0 3
1 12
0 4
1 13
0 1
1 12
0 8
1 2
0 1
1 27
0 2
1 35
0 4
1 8
0 4
1 11
0 1
1 37
2 18
0 3
1 6
0 11
1 5
0 12
1 9
0 34
1 3
0 1
1 4
0 1
1 19
0 2
1 6
0 2
1 9
0 5
1 2
0 3
1 21
0 4
1 9
0 2
1 10
0 2
1 15
0 2
1 8
0 3
1 9
0 1
1 6
2 18
0 6
1 12
0 2
1 6
0 1
1 13
0 3
1 11
0 3
1 9
0 3
1 18
2 12
0 4
1 9
0 2
1 4
0 1
1 16
0 1
1 12
2 5
0 5
1 5
0 2
1 10
0 2
1 14
2 18
0 5
1 5
0 12
1 24
0 2
1 15
0 866
1 3
0 2
1 8
0 2
1 10
0 1
1 10
0 1
1 4
0 1
1 12
0 7
1 15
2 32
0 8
1 8
0 1
1 4
0 3
1 10
0 2
1 8
0 1
1 12
0 35
1 9
0 2
1 3
0 2
1 12
0 2
1 2
0 1
1 17
0 14
1 12
0 7
1 19
0 2
1 16
0 1
1 18
0 1
1 19
2 4
0 3
1 17
2 5
0 4
1 34
2 19
0 7
1 9
0 1
1 6
0 1
1 10
0 2
1 24
0 2
1 39
0 1
1 26
0 1
1 25
2 5
0 3
1 24
0 24
1 5
0 1
1 5
0 2
1 21
0 2
1 12
2 6
0 4
1 9
0 2
1 9
2 8
0 1252
1 4
0 20
1 11
0 1
1 4
0 3
1 11
0 3
1 13
0 1
1 18
0 8
1 22
0 5
1 14
0 1
1 17
0 6
1 29
0 3
1 2
0 1
1 14
0 5
1 17
0 4
1 9
0 1
1 13
0 16
1 25
2 9
0 11
1 41
2 19
0 11
1 6
0 13
1 6
0 1
1 17
0 4
1 17
2 13
0 10
1 7
0 1
1 12
0 1
1 14
0 1
1 32
0 1
1 13
2 5
0 6
1 38
0 1
1 33
0 4
1 18
2 3
0 5
1 11
2 25
0 3
1 3
2 1
0 6
1 11
0 3
1 17
0 24
1 5
0 1
1 34
2 5
0 8
1 31
2 46
0 18
1 45
0 2
1 62
0 10
1 23
0 5
1 24
0 1
1 10
2 5
0 5
1 29
2 22
0 3
1 18
0 4
1 12
0 1
1 3
0 1
1 7
0 3
1 43
0 4
1 11
0 3
1 16
0 6
1 13
2 17
0 3
1 8
0 3
1 15
2 15
0 3
1 4
2 5
0 5
1 4
0 1
1 8
0 1
1 17
2 7
0 4
1 8
0 1
1 19
0 1
2 3
0 3
1 4
0 9
1 24
2 28
0 9
1 7
0 5
1 11
0 3
1 20
0 1
1 17
0 36
1 56
0 1
1 23
2 6
0 4
1 23
0 9
1 19
0 1
1 10
0 7
1 20
2 9
0 3
1 26
2 5
0 4
1 3
0 2
1 3
0 1
1 12
0 1
1 13
0 2
1 17
2 13
0 2
1 6
2 29
0 4
1 4
2 20
0 2
1 6
0 3
1 3
0 2
1 19
0 6
1 16
0 2
1 10
0 4
1 13
0 1
1 36
0 1
1 12
2 11
0 4
1 16
0 1
1 20
0 2
1 10
0 9
1 16
0 570
1 14
0 2
1 18
0 1
1 12
0 1
1 12
0 1
1 9
0 1
1 8
0 1
1 24
2 4
0 7
1 5
0 4
1 7
0 6
1 4
0 2
1 34
0 8
1 18
0 1
1 13
0 1
1 14
2 10
0 9
1 5
0 1
1 13
0 1
1 29
0 6
1 13
0 4
1 16
0 4
1 15
0 5
1 9
0 4
1 14
0 3
1 15
2 14
0 4
1 6
0 1
1 25
2 3
0 3
1 25
0 4
1 18
2 24
0 3
1 3
2 4
0 4
1 14
0 17
1 7
0 2
1 20
0 26
1 31
0 10
1 41
2 4
0 3
1 3
0 1
1 5
0 2
1 10
0 3
1 25
2 4
0 4
1 22
2 3
0 4
1 8
2 15
0 4
1 9
0 1
1 20
0 8
1 10
0 6
1 15
0 1
1 12
2 11
0 3
1 14
2 44
0 9
1 8
0 1
1 66
0 4
1 47
2 15
0 11
1 10
0 5
1 13
0 3
1 25
2 12
0 17
1 20
2 26
0 470
1 16
0 2
1 36
0 4
1 1
0 3
1 6
0 3
1 10
0 3
1 12
0 3
1 11
2 3
0 8
1 6
0 1
1 30
0 2
1 18
2 6
0 9
1 21
0 12
1 3
0 1
1 8
0 3
1 16
2 19
0 5
1 3
0 5
1 12
0 1
1 20
2 8
0 3
1 30
0 3
1 21
2 12
0 5
1 2
0 4
1 8
0 1
1 21
0 1
1 16
0 11
1 5
0 2
1 10
0 1
1 17
0 3
1 7
0 1
1 18
2 11
0 4
1 15
0 6
1 9
0 6
1 19
2 4
0 4
1 13
2 16
0 7
1 6
0 1
1 2
0 1
1 9
0 1
1 11
2 9
0 6
1 9
0 1
1 20
2 14
0 4
1 10
0 3
1 38
2 5
0 7
1 24
0 3
1 17
2 12
0 16
1 6
0 2
1 24
0 2
1 9
0 1
1 21
2 3
0 4
1 17
2 4
0 1
1 14
2 8
0 4
1 11
2 32
0 5
1 2
0 2
1 32
0 4
1 10
0 1
1 43
2 5
0 530
1 3
0 2
1 104
2 24
0 9
1 8
0 3
1 14
0 2
1 30
0 1
1 35
0 2
1 9
0 2
1 27
0 7
1 32
0 1
1 25
0 2
1 9
0 1
1 11
2 35
0 4
1 11
0 3
1 2
0 4
1 3
0 1
1 26
0 1
1 39
0 1
1 35
2 4
0 5
1 20
0 3
1 15
0 9
1 22
0 33
1 9
0 1
1 40
2 17
0 6
1 31
0 1
1 17
0 6
1 9
0 1
1 23
2 5
0 4
1 19
0 1
1 26
0 2
1 24
2 6
0 9
1 3
0 1
1 30
2 7
0 7
1 11
2 23
0 6
1 8
0 3
1 13
0 3
1 3
2 49
0 3
1 8
0 1
1 6
0 3
1 17
0 4
1 62
0 1
1 19
0 3
1 33
0 3
1 25
2 9
0 7
1 5
0 1
1 7
0 2
1 6
0 1
1 14
0 2
1 15
0 3
1 23
0 7
1 15
0 1
1 6
2 7
0 5
1 10
0 3
1 20
2 6
0 4
1 11
2 4
0 3
1 2
0 1
1 3
2 7
0 3
1 6
0 1
1 12
2 13
0 3
1 17
2 8
0 6
1 30
0 8
1 12
2 9
0 4
1 18
0 1
1 8
2 3
0 6
1 8
2 3
0 4
1 10
2 42
0 286
1 2
0 6
1 18
0 154
1 7
0 147
1 19
0 5
1 29
0 1
1 57
0 3
1 12
0 2
1 8
0 4
1 14
0 1
1 15
2 13
0 11
1 3
0 3
1 5
0 1
1 27
2 7
0 6
1 21
0 4
1 19
2 15
0 7
1 6
0 5
1 16
2 5
0 3
1 5
0 2
1 8
0 1
1 16
2 2
1 53
0 6
1 6
0 1
1 13
2 37
0 9
1 6
0 5
1 11
0 6
1 15
0 2
1 18
0 2
1 3
0 3
1 38
0 4
1 21
0 1
1 11
2 5
0 4
1 11
0 15
1 12
0 3
1 20
0 4
1 25
2 27
0 3
1 11
0 2
1 5
0 5
1 32
0 1
1 12
2 9
0 3
1 15
2 16
0 2
1 14
2 3
0 4
1 9
0 1
1 2
0 1
1 12
2 19
0 4
1 7
0 59
1 7
0 1
1 20
0 2
1 33
0 2
1 6
0 3
1 11
0 3
1 28
2 3
0 5
1 6
0 2
1 14
2 7
0 2
1 5
0 3
1 27
0 4
1 11
2 5
0 3
1 18
2 3
0 11
1 9
0 5
1 23
2 7
0 5
1 10
2 36
0 338
1 10
0 1
1 7
0 1
1 10
0 5
1 6
0 1
1 9
0 1
1 8
0 1
1 5
0 2
1 33
0 1
1 5
0 5
1 8
0 1
1 22
0 1
1 9
0 1
1 12
2 31
0 8
1 2
0 2
1 6
0 1
1 5
0 1
1 9
0 4
1 7
0 2
1 4
0 1
1 21
0 1
1 5
0 3
1 5
0 3
1 4
0 5
1 36
0 4
1 23
0 11
1 54
